sex;ID
1;3
0;4
1;5
1;8
1;9
0;11
1;12
0;14
1;16
1;30
0;31
1;32
1;34
1;35
0;36
1;37
1;39
1;41
0;42
0;43
0;44
1;46
0;47
1;48
1;53
0;60
0;61
1;63
1;64
1;65
0;66
1;67
0;68
0;71
1;73
1;75
1;77
0;78
0;79
1;83
0;84
0;85
0;86
0;87
1;88
1;89
1;90
1;91
0;92
0;94
1;102
0;105
1;108
0;112
1;113
0;121
1;122
0;127
1;131
1;138
1;157
1;168
0;169
1;182
1;197
1;198
0;200
1;201
0;225
0;243
0;250
1;255
1;256
1;258
0;261
1;265
0;270
1;271
1;273
1;274
0;276
1;277
1;279
1;280
0;286
1;288
0;291
1;298
1;299
0;300
0;302
1;306
1;307
1;311
1;317
0;328
0;329
0;330
1;331
1;337
1;339
0;340
0;341
1;343
1;344
1;346
0;348
0;349
0;350
1;351
1;354
0;355
0;360
0;362
1;364
1;365
0;368
1;375
0;388
1;399
0;413
1;491
0;497
1;547
0;648
1;687
0;695
1;733
1;734
0;762
0;763
1;784
1;794
1;803
0;807
0;988
1;1018
1;1051
0;1107
1;1134
1;1140
0;1151
0;1185
1;1190
0;1220
0;1223
0;1225
0;1299
0;1300
1;1356
1;1419
0;1449
1;1460
0;1468
1;1476
1;1478
1;1500
1;1517
1;1567
0;1590
0;1603
1;1612
0;1657
1;1670
0;1681
1;1689
0;1693
0;1694
1;1695
0;1696
1;1697
1;1698
1;1701
1;1704
1;1716
0;1733
1;1744
0;1745
1;1756
1;1757
1;1758
1;1824
0;1844
1;1864
0;1886
0;1890
0;1910
1;1911
1;1941
0;1948
1;1978
0;1998
1;2073
1;2101
1;2102
1;2104
0;2105
0;2112
1;2114
1;2115
0;2117
0;2124
0;2129
0;2133
0;2138
1;2153
1;2162
1;2172
0;2183
0;2186
1;2187
0;2200
1;2202
0;2206
1;2224
0;2234
1;2241
1;2243
0;2246
0;2249
1;2250
0;2280
1;2284
1;2286
1;2290
0;2302
1;2313
1;2315
1;2323
1;2327
1;2338
1;2345
0;2349
0;2356
0;2360
0;2362
0;2365
1;2367
1;2368
0;2370
1;2373
0;2374
0;2375
1;2378
1;2379
1;2380
1;2382
0;2383
0;2388
1;2422
1;2424
1;2425
0;2426
1;2441
0;2449
0;2450
0;2451
0;2456
1;2457
0;2459
0;2462
0;2463
1;2464
1;2465
1;2472
0;2479
1;2480
0;2484
1;2488
1;2492
0;2508
0;2510
0;2523
1;2525
1;2529
0;2533
1;2553
1;2555
0;2556
1;2560
0;2566
1;2572
1;2576
1;2577
1;2579
0;2580
0;2585
0;2588
0;2589
0;2591
0;2593
0;2599
1;2600
1;2609
1;2610
1;2611
1;2613
0;2616
0;2617
1;2620
1;2625
0;2628
1;2632
0;2633
1;2635
0;2636
0;2637
1;2640
1;2641
0;2642
1;2645
1;2646
0;2647
1;2648
1;2649
0;2650
0;2652
1;2654
0;2656
1;2657
1;2660
0;2661
0;2662
0;2663
0;2664
1;2665
0;2666
1;2667
0;2668
0;2670
0;2671
1;2672
1;2673
1;2674
0;2675
1;2676
0;2677
1;2678
1;2679
0;2681
1;2682
0;2683
0;2684
0;2685
1;2687
1;2689
0;2702
1;2703
0;2705
0;2706
0;2709
1;2711
1;2717
1;2729
0;2740
0;2743
1;2746
1;2755
1;2772
0;2777
1;2782
1;2787
1;2788
0;2790
0;2791
0;2797
0;2807
1;2808
1;2809
0;2813
0;2814
1;2815
1;2816
0;2818
0;2819
0;2820
0;2821
0;2822
1;2825
0;2827
0;2828
0;2830
0;2833
1;2834
1;2835
0;2836
1;2838
0;2840
1;2843
1;2844
1;2847
1;2848
1;2849
1;2851
0;2852
1;2853
1;2854
1;2855
0;2856
0;2857
1;2858
0;2859
0;2860
0;2864
1;2865
0;2866
0;2867
1;2874
1;2878
0;2880
0;2889
0;2891
0;2895
0;2896
1;2898
0;2901
0;2906
0;2913
0;2914
1;2915
0;2923
1;2925
0;2926
1;2927
1;2928
1;2930
0;2932
0;2937
0;2941
1;2942
0;2943
0;2948
1;2958
1;2961
0;2962
0;2967
1;2974
1;2975
0;2976
1;2979
1;2984
1;2988
1;2989
0;2990
0;2992
1;2993
0;2998
0;2999
1;3000
1;3001
1;3002
1;3003
1;3008
0;3014
0;3018
0;3019
0;3020
0;3021
0;3024
0;3025
1;3027
1;3028
1;3039
0;3041
1;3043
1;3047
0;3052
1;3057
1;3059
1;3067
0;3069
1;3071
0;3073
1;3074
1;3075
0;3077
0;3078
0;3079
0;3081
0;3082
1;3083
0;3084
1;3085
1;3088
0;3090
0;3091
0;3100
1;3101
1;3105
0;3118
0;3119
1;3120
0;3121
0;3122
0;3123
1;3125
0;3135
0;3140
1;3141
0;3142
1;3143
1;3145
0;3146
1;3147
0;3148
1;3149
1;3150
1;3151
1;3152
0;3155
0;3157
1;3158
1;3161
1;3162
0;3163
1;3164
1;3165
0;3166
0;3167
1;3169
0;3187
1;3190
1;3197
0;3200
0;3201
0;3202
0;3207
1;3210
1;3213
1;3221
0;3222
0;3226
0;3231
0;3232
1;3233
1;3239
0;3241
1;3242
0;3245
1;3247
0;3249
0;3251
0;3252
0;3254
1;3255
1;3256
0;3257
0;3258
1;3259
1;3260
0;3262
1;3264
1;3265
1;3267
1;3268
0;3269
1;3281
0;3283
1;3288
0;3290
1;3306
0;3316
1;3326
0;3328
0;3331
0;3332
0;3335
1;3336
1;3339
0;3342
0;3347
0;3349
1;3350
0;3354
0;3355
1;3356
1;3357
1;3360
1;3361
0;3363
1;3371
1;3373
1;3374
1;3375
1;3376
0;3377
0;3378
1;3383
0;3385
1;3391
0;3397
1;3402
1;3408
1;3414
0;3416
0;3423
1;3424
1;3426
0;3428
0;3430
0;3438
0;3439
1;3440
1;3441
0;3442
1;3449
1;3451
0;3456
1;3457
1;3458
0;3460
0;3461
0;3463
0;3464
1;3466
0;3468
0;3475
0;3477
0;3481
0;3482
1;3485
1;3486
1;3488
1;3490
1;3494
0;3495
0;3496
1;3500
0;3502
1;3504
1;3505
1;3507
1;3508
0;3511
1;3512
0;3513
0;3515
1;3519
0;3522
0;3525
0;3526
0;3527
1;3528
1;3529
1;3533
0;3539
0;3542
0;3543
1;3546
0;3547
0;3549
0;3550
1;3551
1;3554
1;3561
1;3563
1;3567
1;3572
1;3577
0;3578
1;3579
1;3581
1;3588
1;3590
1;3591
1;3592
1;3593
1;3597
0;3599
1;3600
1;3602
1;3604
0;3607
0;3610
0;3612
0;3616
1;3617
1;3618
0;3622
1;3623
0;3624
0;3627
0;3628
1;3633
0;3636
0;3639
0;3640
1;3641
1;3642
1;3643
0;3646
1;3648
1;3649
0;3650
1;3651
1;3652
0;3653
0;3654
0;3655
0;3656
0;3658
0;3659
1;3661
0;3662
1;3664
1;3665
1;3666
0;3668
0;3669
0;3670
1;3672
0;3673
1;3674
0;3675
1;3676
1;3678
0;3680
1;3682
0;3683
0;3687
1;3688
0;3689
1;3691
0;3692
0;3693
1;3696
1;3697
1;3698
1;3699
1;3700
1;3701
0;3702
0;3707
0;3712
1;3714
1;3725
1;3728
0;3735
0;3738
0;3740
0;3744
0;3754
0;3764
1;3766
1;3787
0;3790
0;3802
0;3803
1;3804
0;3805
0;3806
1;3807
0;3808
1;3811
0;3816
1;3818
0;3819
1;3820
1;3822
0;3823
1;3827
0;3837
0;3846
1;3847
0;3860
0;3863
0;3869
0;3884
1;3906
0;3917
1;3918
0;3920
1;3922
0;3923
0;3924
0;3925
0;3926
1;3928
1;3929
0;3930
0;3934
1;3935
1;3940
0;3955
0;3957
0;3958
0;3959
1;3960
1;3961
1;3964
0;3968
0;3971
1;3974
1;3975
1;3981
0;3984
1;3987
0;3988
0;3989
0;3991
1;3994
1;3995
1;3996
0;4001
0;4009
0;4010
1;4011
1;4061
0;4062
1;4064
0;4065
1;4066
1;4067
0;4070
1;4072
0;4074
1;4075
1;4076
0;4100
0;4107
1;4109
1;4111
1;4113
0;4118
0;4125
0;4170
1;4180
1;4188
0;4190
0;4193
0;4198
0;4199
0;4205
0;4207
1;4211
0;4213
1;4216
0;4218
0;4219
0;4220
1;4221
1;4227
1;4229
1;4230
1;4233
0;4235
1;4245
0;4248
0;4249
0;4250
0;4251
1;4252
1;4253
0;4254
0;4255
1;4256
1;4262
1;4264
1;4265
0;4266
0;4267
0;4270
1;4274
0;4275
1;4276
0;4284
1;4289
1;4291
0;4292
0;4300
0;4304
0;4305
0;4307
1;4309
1;4310
0;4311
1;4312
0;4314
1;4315
0;4317
0;4318
0;4320
0;4324
0;4325
1;4331
0;4337
1;4354
1;4355
0;4356
1;4358
1;4360
0;4361
0;4363
1;4364
1;4370
0;4372
1;4373
1;4375
0;4389
1;4391
1;4392
1;4393
1;4394
1;4398
1;4399
1;4401
1;4403
1;4405
0;4411
0;4412
1;4419
0;4420
0;4421
0;4422
0;4424
1;4425
1;4426
1;4427
1;4428
1;4429
1;4431
0;4433
1;4434
1;4435
0;4437
0;4438
0;4439
0;4440
1;4441
1;4442
1;4443
1;4447
1;4448
0;4455
0;4457
1;4458
0;4459
0;4460
0;4463
1;4474
0;4475
0;4478
0;4479
0;4494
0;4497
1;4503
0;4505
0;4506
1;4507
0;4509
1;4511
1;4515
0;4517
0;4518
1;4527
0;4528
1;4531
1;4538
1;4539
0;4541
1;4542
0;4544
1;4547
1;4548
0;4551
1;4554
1;4555
1;4556
0;4558
0;4560
0;4561
1;4572
0;4575
1;4576
1;4580
1;4581
1;4610
1;4611
0;4615
1;4616
1;4617
1;4622
0;4623
0;4629
1;4630
1;4631
0;4632
1;4634
1;4648
1;4650
1;4653
0;4656
1;4666
1;4667
1;4669
1;4674
0;4675
0;4678
1;4679
0;4680
0;4682
1;4684
1;4685
1;4686
1;4689
0;4695
1;4699
0;4700
0;4704
0;4706
1;4707
1;4712
1;4713
1;4714
0;4715
1;4716
0;4719
1;4725
1;4726
1;4731
1;4734
1;4736
0;4739
0;4740
1;4744
1;4747
1;4751
0;4755
1;4762
1;4766
1;4767
0;4768
1;4769
1;4771
0;4772
1;4773
0;4775
0;4777
1;4778
0;4779
0;4780
0;4781
1;4787
0;4788
1;4791
1;4792
1;4793
0;4795
1;4796
1;4799
0;4801
0;4809
0;4810
1;4811
1;4813
0;4816
0;4823
0;4824
0;4825
0;4827
0;4840
1;4841
0;4844
0;4845
0;4851
1;4852
0;4853
0;4854
0;4877
1;4881
0;4884
0;4888
0;4896
1;4897
0;4901
0;4902
1;4903
1;4910
0;4913
1;4914
0;4915
0;4916
0;4918
1;4920
1;4921
1;4925
1;4926
0;4927
0;4928
1;4929
1;4931
1;4932
0;4935
0;4944
0;4947
0;4948
1;4950
0;4951
0;4955
1;4962
1;4969
0;4970
0;4978
0;4979
1;4982
1;4984
0;4985
0;4986
1;4987
1;4988
1;4989
1;5000
0;5001
0;5002
0;5003
0;5004
1;5005
0;5016
1;5018
1;5019
0;5020
0;5023
1;5024
0;5030
1;5038
0;5039
0;5040
1;5043
1;5045
1;5050
0;5052
1;5053
0;5064
0;5065
1;5070
0;5072
1;5074
0;5075
0;5076
1;5082
1;5084
0;5085
1;5087
0;5088
0;5089
1;5098
0;5115
0;5116
1;5117
0;5118
1;5125
1;5126
1;5130
1;5136
0;5137
0;5138
1;5142
1;5143
1;5145
1;5152
0;5159
0;5163
1;5165
0;5167
0;5169
0;5171
1;5172
0;5176
1;5177
1;5181
0;5183
0;5185
1;5186
1;5195
1;5196
0;5198
1;5204
1;5215
0;5216
0;5218
0;5221
0;5222
1;5228
0;5229
1;5239
0;5240
1;5241
0;5248
1;5253
0;5254
0;5260
1;5261
1;5262
1;5263
1;5264
0;5265
1;5266
0;5270
0;5275
1;5281
0;5288
0;5289
0;5290
0;5308
0;5309
1;5310
1;5318
0;5319
0;5321
1;5324
0;5328
0;5329
0;5343
1;5353
1;5354
0;5355
1;5356
1;5367
1;5383
0;5385
0;5386
0;5391
0;5394
0;5395
1;5396
1;5397
0;5401
0;5408
0;5409
0;5411
1;5414
0;5419
0;5420
1;5421
1;5422
0;5426
0;5427
1;5430
0;5432
0;5433
1;5434
0;5437
0;5438
0;5439
1;5442
1;5443
0;5444
1;5445
1;5446
1;5447
0;5449
1;5453
1;5468
0;5469
1;5470
0;5471
0;5485
0;5488
1;5490
0;5491
0;5493
1;5496
1;5498
1;5503
1;5506
0;5509
1;5513
1;5514
0;5515
0;5516
0;5520
0;5526
1;5529
1;5532
0;5535
1;5538
1;5540
1;5543
0;5544
0;5545
1;5551
1;5552
0;5557
0;5558
0;5559
1;5560
1;5561
0;5562
0;5564
1;5567
1;5568
0;5570
0;5573
1;5574
0;5576
0;5584
1;5585
0;5592
1;5594
1;5605
1;5608
0;5614
0;5623
1;5624
0;5632
1;5636
0;5638
1;5651
1;5662
0;5664
1;5687
0;5692
1;5693
1;5696
1;5702
0;5708
0;5710
0;5712
0;5733
1;5737
1;5742
1;5743
0;5744
1;5746
0;5758
0;5765
0;5771
0;5775
1;5778
0;5781
1;5782
1;5783
0;5784
1;5787
1;5791
0;5792
1;5793
1;5794
0;5795
1;5797
0;5801
0;5805
1;5807
0;5810
0;5811
1;5815
0;5816
1;5825
0;5826
1;5831
0;5835
1;5837
1;5838
1;5843
1;5844
1;5845
1;5846
1;5848
1;5850
1;5854
1;5867
1;5869
0;5871
1;5872
0;5874
1;5876
0;5877
0;5882
1;5883
1;5884
1;5886
0;5888
0;5891
0;5895
0;5896
0;5906
0;5907
0;5908
0;5913
0;5917
1;5918
0;5919
1;5921
1;5922
1;5927
1;5938
1;5944
1;5945
1;5947
1;5948
1;5949
1;5952
1;5955
1;5956
0;5957
0;5959
1;5960
0;5961
0;5963
0;5967
0;5971
0;5973
1;5976
1;5982
1;5988
1;5999
1;6002
0;6003
0;6009
1;6011
0;6014
0;6017
0;6019
1;6022
1;6024
0;6025
1;6026
0;6028
1;6031
1;6036
1;6038
0;6042
1;6043
1;6048
1;6051
1;6052
0;6053
0;6054
0;6055
0;6056
1;6058
0;6059
1;6060
1;6063
1;6065
0;6075
0;6077
0;6078
1;6080
1;6081
1;6084
1;6087
0;6089
1;6091
0;6093
1;6097
1;6098
1;6099
1;6111
1;6114
0;6122
0;6128
0;6132
0;6137
1;6141
0;6145
0;6148
0;6149
1;6419
0;6520
1;6581
0;6582
0;6587
0;6593
0;6594
1;6596
1;6600
1;6601
1;6602
0;6605
0;6607
0;6609
0;6611
1;6612
0;6614
1;6615
1;6616
0;6620
1;6632
1;6633
1;6638
1;6644
1;6647
0;6648
0;6649
0;6650
0;6652
0;6657
1;6658
1;6660
1;6661
1;6664
0;6669
0;6671
1;6673
0;6674
0;6676
0;6680
1;6681
1;6683
0;6686
0;6687
0;6694
1;6695
1;6696
0;6699
0;6700
0;6704
1;6705
1;6706
0;6707
1;6709
1;6711
1;6716
1;6718
0;6720
1;6721
0;6722
0;6723
0;6725
0;6732
0;6733
0;6734
1;6742
1;6747
1;6750
1;6754
1;6759
1;6760
1;6764
0;6775
0;6776
0;6784
0;6785
1;6788
1;6789
1;6790
0;6794
0;6795
1;6796
0;6797
0;6801
1;6806
1;6807
0;6813
0;6814
1;6816
1;6819
0;6820
0;6821
1;6822
1;6823
1;6824
0;6825
1;6826
1;6827
1;6834
0;6835
0;6845
0;6846
0;6871
0;6878
1;6879
1;6880
1;6882
0;6891
0;6892
1;6893
0;6894
0;6895
0;6901
1;6904
0;6909
1;6917
0;6918
1;6919
0;6921
1;6934
0;6945
1;6946
0;6947
1;6949
0;6951
1;6952
0;6954
1;6957
0;6962
1;6967
0;6968
1;6979
0;6992
0;6997
1;7008
1;7016
1;7020
1;7022
0;7026
0;7027
1;7029
1;7030
0;7031
1;7032
0;7041
1;7042
0;7044
0;7049
0;7075
1;7076
1;7079
1;7081
1;7088
1;7089
1;7090
1;7092
0;7096
1;7097
0;7100
0;7101
1;7102
0;7104
1;7105
1;7106
0;7107
0;7108
0;7109
0;7110
1;7111
0;7114
0;7116
0;7120
0;7122
1;7127
1;7129
1;7131
0;7132
1;7135
1;7136
0;7138
1;7140
0;7141
0;7143
1;7145
0;7150
0;7152
1;7154
0;7157
0;7164
1;7165
1;7168
1;7174
0;7177
1;7183
0;7184
1;7186
0;7189
0;7190
1;7191
0;7193
0;7195
1;7197
1;7202
1;7203
1;7209
1;7213
0;7214
1;7215
0;7217
1;7218
0;7220
0;7221
1;7233
0;7235
0;7236
0;7237
0;7246
1;7247
0;7253
0;7254
0;7255
0;7259
0;7260
0;7271
0;7276
0;7277
0;7280
0;7288
1;7291
1;7292
0;7293
1;7295
0;7297
1;7298
1;7299
0;7300
1;7302
1;7303
0;7310
1;7311
1;7314
1;7317
0;7318
0;7322
0;7324
1;7325
0;7326
1;7327
1;7329
1;7330
0;7331
1;7332
1;7334
0;7335
1;7336
1;7337
0;7339
0;7341
1;7349
0;7350
0;7366
0;7369
1;7373
1;7375
0;7377
1;7379
0;7381
0;7391
0;7392
0;7393
0;7397
0;7401
0;7403
1;7404
0;7406
0;7407
1;7410
1;7412
1;7415
0;7423
0;7425
1;7426
0;7427
1;7431
1;7436
1;7441
0;7442
0;7444
1;7445
0;7448
1;7456
1;7469
0;7471
0;7474
1;7475
1;7476
1;7483
1;7484
1;7485
1;7488
0;7489
1;7494
1;7501
1;7505
1;7511
0;7512
1;7519
0;7524
0;7528
0;7529
0;7532
0;7534
0;7540
1;7545
0;7552
0;7553
1;7555
1;7557
1;7558
1;7560
1;7561
0;7563
0;7565
0;7567
1;7569
1;7572
1;7577
1;7579
1;7580
1;7581
1;7582
1;7583
1;7586
0;7588
0;7589
1;7590
0;7600
1;7602
0;7608
0;7610
1;7615
1;7617
0;7618
1;7619
1;7623
1;7625
1;7627
1;7628
1;7629
1;7630
0;7631
0;7632
1;7634
0;7641
0;7642
0;7644
0;7645
1;7646
1;7650
1;7651
0;7655
1;7659
0;7660
1;7661
0;7662
1;7670
0;7673
0;7674
0;7676
0;7679
1;7691
0;7696
1;7713
0;7715
0;7727
0;7729
1;7731
1;7745
0;7749
0;7752
0;7753
0;7754
0;7758
1;7764
1;7767
0;7768
0;7769
0;7778
1;7779
1;7780
0;7794
1;7798
1;7806
1;7807
1;7810
1;7811
1;7815
0;7818
0;7820
0;7821
0;7834
1;7836
0;7837
0;7840
0;7842
0;7843
0;7846
1;7847
0;7850
1;7857
1;7858
0;7862
0;7866
0;7872
1;7878
0;7879
1;7880
0;7886
1;7890
0;7896
0;7897
0;7901
1;7902
1;7905
1;7907
0;7910
1;7927
0;7929
0;7934
0;7943
1;7963
0;7964
0;7974
0;7975
0;7978
0;7979
0;7980
1;7987
0;7989
1;7990
1;7991
1;7992
0;7993
1;7994
1;8001
1;8003
1;8009
1;8014
1;8016
1;8023
0;8030
1;8033
0;8044
0;8046
1;8047
0;8048
1;8054
1;8063
0;8064
1;8065
1;8067
1;8069
0;8071
0;8072
1;8073
1;8077
1;8078
1;8083
1;8084
0;8085
1;8086
0;8087
0;8111
1;8118
0;8119
1;8138
0;8161
1;8163
0;8170
1;8173
0;8174
1;8177
0;8181
0;8182
1;8184
1;8186
0;8187
0;8188
1;8190
0;8191
0;8194
0;8195
0;8197
1;8199
1;8200
0;8203
1;8204
0;8205
0;8206
0;8208
1;8209
1;8210
1;8211
1;8212
0;8215
1;8217
0;8222
1;8230
1;8234
1;8236
1;8240
1;8241
0;8246
0;8255
1;8256
0;8257
1;8258
0;8259
0;8260
1;8261
1;8263
1;8265
1;8266
0;8267
0;8269
0;8270
0;8271
1;8272
0;8273
0;8274
0;8276
0;8277
0;8279
1;8280
0;8282
1;8283
0;8286
0;8289
0;8295
0;8297
0;8298
0;8303
1;8310
1;8314
1;8332
0;8347
1;8349
0;8356
1;8368
1;8369
1;8370
1;8371
0;8372
0;8373
0;8374
1;8375
0;8376
1;8410
0;8419
1;8424
1;8443
0;8468
0;8469
0;8470
1;8471
0;8474
1;8475
0;8478
0;8481
1;8482
0;8487
1;8489
1;8490
0;8492
0;8500
0;8501
0;8505
0;8506
0;8507
0;8508
0;8520
1;8522
1;8539
0;8540
1;8550
1;8552
1;8557
1;8558
0;8567
0;8568
0;8569
1;8570
1;8571
1;8572
0;8573
0;8586
1;8588
1;8589
0;8590
0;8592
1;8594
1;8597
1;8598
1;8616
1;8622
0;8623
1;8624
0;8626
0;8627
0;8629
1;8630
0;8639
1;8647
0;8655
0;8657
0;8680
1;8685
0;8689
0;8693
1;8694
1;8695
1;8706
0;8708
0;8711
0;8721
0;8722
0;8726
0;8728
0;8731
1;8736
0;8737
0;8738
1;8742
0;8746
1;8747
1;8780
1;8781
0;8783
1;8787
1;8790
1;8796
1;8797
1;8800
0;8805
0;8809
1;8810
1;8813
1;8818
1;8828
0;8831
1;8835
0;8836
1;8850
0;8851
1;8852
0;8856
0;8864
0;8867
0;8873
0;8877
0;8892
0;8896
1;8901
0;8903
0;8905
1;8906
1;8907
1;8921
1;8928
1;8929
0;8933
0;8962
0;8963
0;8967
1;8968
0;8969
1;8982
0;8993
1;8998
1;9003
0;9007
1;9024
1;9026
1;9028
1;9030
1;9033
1;9045
1;9059
0;9066
1;9068
0;9069
1;9071
0;9073
1;9074
1;9076
1;9077
1;9078
1;9079
0;9083
0;9085
1;9086
0;9087
0;9088
1;9089
1;9090
1;9091
1;9092
1;9093
0;9094
1;9101
0;9103
0;9105
0;9108
1;9109
1;9110
0;9115
1;9116
0;9117
0;9118
1;9119
0;9122
1;9124
1;9127
0;9128
1;9129
0;9130
1;9136
0;9137
0;9138
0;9141
0;9142
0;9145
1;9148
1;9171
1;9176
1;9178
1;9188
0;9226
0;9228
0;9229
1;9231
1;9232
0;9236
1;9237
0;9240
0;9244
0;9245
1;9246
0;9249
0;9266
1;9277
0;9292
1;9305
0;9306
0;9310
1;9316
1;9317
1;9341
0;9344
1;9353
1;9355
0;9356
0;9363
1;9366
0;9368
1;9375
1;9381
1;9386
1;9389
1;9391
0;9394
1;9395
0;9406
0;9408
0;9409
0;9417
0;9418
0;9422
0;9426
0;9434
0;9442
0;9450
1;9455
1;9470
0;9471
0;9472
1;9479
0;9486
0;9494
1;9498
1;9499
1;9500
0;9503
0;9505
1;9509
1;9510
1;9516
1;9519
1;9520
1;9527
0;9532
0;9533
1;9534
0;9535
0;9537
0;9542
1;9543
0;9544
0;9545
0;9546
0;9547
1;9570
1;9572
1;9576
1;9577
1;9582
0;9591
0;9592
0;9595
0;9596
0;9598
0;9610
0;9611
1;9614
1;9622
0;9639
1;9641
0;9642
1;9645
0;9653
0;9655
0;9656
1;9660
0;9677
1;9679
0;9680
0;9682
0;9707
1;9708
0;9713
1;9718
0;9719
0;9722
1;9723
0;9728
0;9732
0;9735
0;9743
0;9744
0;9749
1;9753
0;9764
0;9769
1;9770
0;9771
1;9772
0;9773
0;9774
0;9777
0;9778
0;9779
0;9782
0;9793
1;9795
0;9803
0;9809
1;9811
0;9824
1;9827
0;9828
1;9830
0;9831
0;9840
0;9857
1;9858
1;9861
0;9862
1;9864
1;9865
0;9867
0;9871
1;9872
1;9874
0;9875
0;9876
1;9878
0;9879
1;9882
1;9884
0;9885
1;9887
0;9889
0;9892
1;9893
0;9895
1;9897
0;9898
1;9900
1;9902
0;9903
0;9905
1;9907
1;9908
0;9909
0;9911
1;9912
0;9914
1;9916
1;9918
0;9920
1;9924
1;9926
1;9930
1;9931
0;9933
1;9935
1;9936
0;9937
1;9938
0;9944
1;9949
1;9953
1;9956
1;9977
0;9979
1;9987
0;9992
0;10002
0;10003
1;10004
1;10005
0;10011
1;10015
1;10018
0;10029
0;10035
1;10038
1;10039
0;10044
1;10045
0;10046
0;10047
1;10048
0;10054
0;10087
0;10097
0;10098
0;10127
0;10128
0;10130
1;10131
0;10146
1;10147
0;10148
0;10149
1;10154
1;10162
0;10167
0;10171
0;10172
1;10175
0;10180
1;10194
0;10195
1;10196
1;10197
1;10200
1;10206
0;10211
0;10228
0;10338
1;10339
1;10340
0;10341
1;10342
1;10343
1;10344
0;10345
1;10346
0;10347
0;10349
0;10350
0;10356
0;10358
0;10359
0;10363
1;10364
1;10365
0;10366
1;10370
1;10372
1;10374
1;10376
1;10378
0;10379
0;10384
1;10388
1;10389
0;10390
0;10407
1;10418
0;10419
1;10422
0;10438
1;10439
0;10440
1;10443
0;10445
1;10447
1;10451
1;10453
1;10454
0;10456
1;10457
1;10461
0;10462
1;10464
1;10465
1;10466
0;10470
1;10472
0;10474
1;10476
1;10478
0;10488
0;10501
1;10503
0;10507
1;10508
1;10509
0;10523
0;10524
1;10525
1;10526
1;10529
0;10548
0;10562
1;10564
0;10565
0;10566
1;10570
1;10571
1;10572
1;10575
1;10577
0;10579
0;10588
1;10593
1;10594
0;10597
0;10598
1;10603
1;10607
0;10610
1;10611
0;10612
1;10614
0;10616
1;10648
0;10654
0;10662
1;10663
0;10669
0;10670
1;10733
0;10735
1;10737
0;10741
1;10748
1;10750
0;10751
0;10759
0;10760
0;10762
1;10771
1;10778
1;10782
1;10783
1;10784
0;10787
1;10788
0;10789
0;10790
1;10791
1;10792
1;10793
0;10795
0;10797
0;10801
1;10802
0;10806
0;10807
1;10835
1;10856
0;10864
1;10886
0;10895
1;10897
1;10908
1;10912
1;10915
0;10918
1;10919
1;10925
1;10930
0;10961
1;10962
1;10976
1;10978
0;10980
0;10984
1;10986
0;10994
1;11005
0;11006
1;11007
0;11009
1;11010
0;11014
0;11016
1;11019
1;11021
1;11024
1;11025
0;11026
1;11030
0;11031
1;11036
0;11037
0;11044
0;11045
0;11046
0;11047
1;11050
0;11055
0;11057
1;11061
1;11062
1;11068
1;11069
0;11070
1;11076
0;11081
0;11083
1;11085
0;11087
1;11088
1;11090
0;11093
0;11094
0;11096
0;11100
1;11104
0;11106
1;11109
1;11110
0;11118
0;11119
1;11135
1;11141
1;11142
1;11150
1;11154
0;11159
0;11160
0;11164
1;11165
1;11166
1;11174
0;11177
0;11180
1;11182
0;11185
1;11188
1;11192
0;11193
1;11221
1;11225
0;11226
0;11236
0;11251
1;11252
1;11253
0;11254
0;11259
0;11266
1;11276
0;11277
0;11278
1;11279
0;11288
1;11292
0;11293
0;11298
0;11299
0;11300
0;11304
1;11305
1;11306
1;11307
0;11308
0;11312
1;11313
1;11315
0;11316
0;11317
1;11318
1;11319
0;11320
0;11327
1;11330
0;11334
1;11335
1;11336
0;11340
0;11344
0;11346
0;11347
0;11348
0;11360
1;11361
0;11367
0;11368
0;11378
1;11390
0;11399
0;11415
1;11416
1;11420
1;11421
0;11426
1;11430
0;11441
0;11447
1;11450
1;11454
0;11468
1;11473
1;11480
0;11488
0;11495
1;11504
1;11506
1;11524
0;11526
0;11533
1;11534
0;11535
0;11554
0;11568
0;11569
1;11578
1;11580
1;11582
1;11583
0;11589
1;11590
1;11592
1;11593
0;11595
0;11597
1;11600
1;11601
0;11606
0;11620
1;11622
0;11623
0;11625
0;11628
0;11632
1;11635
1;11636
1;11637
1;11638
0;11639
1;11650
1;11657
1;11658
0;11659
0;11660
1;11661
0;11664
0;11673
1;11676
1;11678
0;11682
1;11687
0;11689
1;11690
0;11692
0;11694
1;11695
0;11696
0;11700
1;11701
0;11703
0;11708
1;11710
0;11711
1;11712
1;11713
0;11715
0;11718
1;11719
0;11723
1;11728
1;11735
1;11736
0;11747
1;11754
1;11755
1;11756
0;11758
1;11763
1;11765
0;11773
0;11780
0;11781
0;11784
0;11785
0;11790
0;11791
0;11794
1;11795
1;11798
0;11800
0;11801
0;11805
1;11806
1;11807
0;11810
1;11812
0;11814
0;11815
0;11816
1;11817
0;11819
1;11823
1;11824
0;11828
0;11835
1;11836
0;11837
1;11838
1;11842
0;11846
1;11850
1;11851
0;11852
0;11853
1;11859
0;11863
0;11865
0;11871
1;11872
1;11874
1;11876
1;11877
0;11878
1;11879
1;11881
1;11882
1;11883
0;11887
1;11889
0;11891
1;11892
0;11900
1;11901
1;11902
1;11906
0;11912
1;11917
0;11919
0;11920
0;11926
0;11927
1;11928
0;11929
0;11941
0;11942
1;11945
1;11946
1;11948
1;11949
1;11950
0;11951
0;11952
0;11953
0;11955
1;11957
1;11958
0;11959
0;11960
1;11961
1;11962
1;11965
0;11968
1;11971
0;11976
0;11978
1;11979
0;11985
1;11987
0;11988
0;11990
0;11991
1;11993
0;11997
0;12004
1;12008
0;12017
0;12022
0;12036
0;12043
1;12044
0;12045
0;12047
0;12048
0;12058
0;12059
1;12062
0;12080
1;12085
0;12090
0;12093
1;12095
0;12105
0;12108
0;12128
0;12165
0;12168
0;12173
1;12174
1;12175
1;12178
0;12180
0;12182
1;12186
0;12187
1;12188
1;12191
1;12193
0;12194
0;12197
1;12202
1;12203
0;12206
0;12214
0;12227
1;12228
1;12231
1;12234
0;12240
0;12243
1;12255
0;12268
0;12271
0;12277
0;12282
0;12283
0;12310
0;12313
1;12324
0;12325
0;12337
1;12344
1;12352
1;12362
1;12363
0;12365
1;12366
1;12371
1;12372
1;12373
0;12380
1;12385
0;12390
1;12394
0;12395
1;12400
0;12404
0;12405
1;12406
0;12407
0;12410
1;12411
1;12412
1;12413
1;12419
0;12422
0;12423
1;12425
1;12426
0;12434
0;12435
1;12438
0;12439
0;12440
0;12443
1;12444
1;12446
0;12448
0;12449
0;12450
1;12451
0;12452
0;12455
1;12456
0;12462
0;12463
0;12472
0;12475
1;12478
0;12483
0;12484
0;12485
1;12486
0;12487
0;12489
0;12492
0;12495
0;12496
1;12500
1;12502
1;12508
1;12510
0;12511
0;12514
0;12518
0;12521
0;12523
1;12525
0;12528
1;12530
0;12532
1;12536
0;12540
1;12542
0;12543
0;12545
0;12547
1;12548
0;12556
1;12565
0;12578
0;12579
1;12583
1;12589
1;12590
0;12592
0;12593
0;12595
0;12601
1;12602
1;12604
1;12607
1;12609
1;12610
0;12617
0;12620
1;12625
0;12633
0;12637
0;12640
1;12641
1;12642
0;12652
0;12653
0;12654
0;12655
1;12660
1;12661
0;12664
1;12665
0;12666
0;12668
1;12673
1;12677
0;12679
0;12681
1;12683
1;12685
1;12689
0;12692
0;12693
1;12697
0;12698
1;12699
1;12700
0;12701
1;12702
0;12703
1;12704
0;12706
1;12707
0;12708
0;12710
0;12717
0;12718
0;12724
1;12737
1;12739
0;12741
0;12747
0;12758
1;12761
0;12762
1;12778
0;12781
1;12783
1;12788
1;12790
0;12793
1;12796
1;12797
0;12798
1;12802
0;12804
0;12809
0;12811
1;12812
0;12813
0;12814
0;12815
1;12828
1;12829
1;12830
1;12831
1;12835
1;12836
1;12837
1;12838
1;12839
1;12842
1;12845
1;12846
1;12847
1;12849
0;12850
0;12852
1;12853
1;12855
1;12857
0;12858
1;12863
0;12865
1;12868
0;12881
0;12882
0;12884
0;12888
0;12891
1;12892
1;12893
1;12894
1;12902
1;12912
1;12922
0;12923
0;12925
0;12926
1;12927
0;12928
0;12929
0;12935
0;12936
0;12937
1;12938
1;12939
1;12940
0;12941
1;12943
0;12944
1;12945
1;12953
0;12954
0;12968
0;12969
1;12970
0;12972
0;12983
0;12992
0;12994
1;12996
1;13000
0;13006
1;13007
1;13009
0;13010
1;13018
0;13019
1;13020
1;13023
0;13025
1;13029
0;13030
1;13031
0;13032
1;13035
1;13038
0;13042
0;13043
1;13044
1;13046
0;13058
1;13061
0;13062
1;13063
0;13065
0;13067
1;13068
0;13069
0;13073
1;13074
1;13075
1;13077
1;13083
1;13084
0;13087
1;13088
1;13093
1;13094
1;13095
1;13103
1;13106
1;13109
1;13110
1;13112
1;13113
1;13114
1;13122
0;13124
1;13125
1;13127
1;13132
1;13133
1;13134
1;13135
0;13137
0;13139
1;13140
1;13141
0;13142
0;13145
0;13146
0;13148
0;13149
1;13150
0;13152
1;13154
0;13155
1;13156
0;13157
0;13158
0;13159
0;13160
1;13161
1;13162
1;13163
1;13166
0;13168
0;13169
1;13170
0;13171
1;13173
1;13174
1;13176
0;13177
1;13178
0;13184
0;13185
1;13189
1;13190
1;13192
1;13193
0;13194
1;13196
0;13197
0;13198
0;13199
1;13200
1;13201
0;13202
1;13206
1;13207
1;13208
1;13209
0;13210
0;13215
0;13216
0;13217
1;13225
1;13226
1;13227
0;13229
1;13247
1;13263
0;13267
0;13279
0;13281
0;13290
1;13301
0;13344
1;13350
1;13356
0;13361
1;13367
1;13368
1;13371
1;13381
0;13385
0;13394
1;13399
1;13404
0;13414
0;13416
0;13418
1;13419
0;13429
1;13430
1;13444
0;13455
0;13459
1;13467
1;13477
0;13480
0;13495
0;13496
0;13503
0;13507
1;13510
0;13512
1;13515
1;13518
1;13519
0;13520
1;13548
0;13549
1;13550
1;13551
0;13556
1;13557
1;13565
1;13580
1;13582
0;13667
0;13668
1;13670
1;13675
0;13679
1;13680
0;13681
0;13682
1;13683
1;13684
0;13685
1;13687
1;13688
1;13689
1;13690
0;13696
1;13697
1;13698
0;13702
0;13703
1;13704
0;13705
0;13708
1;13710
0;13714
0;13718
1;13724
1;13725
1;13728
1;13744
0;13747
1;13750
1;13753
1;13760
1;13761
1;13763
1;13766
0;13776
0;13778
0;13779
1;13780
0;13783
0;13786
1;13790
1;13791
0;13794
1;13797
1;13799
0;13801
0;13802
0;13809
1;13810
1;13834
0;13838
0;13840
0;13841
0;13843
1;13844
0;13845
1;13846
1;13850
0;13851
0;13854
0;13856
0;13860
0;13864
0;13870
1;13873
0;13874
1;13875
0;13883
0;13884
0;13889
1;13890
1;13892
0;13897
1;13900
1;13901
0;13902
1;13906
0;13908
0;13910
0;13913
0;13914
0;13915
1;13922
0;13923
1;13924
1;13927
1;13928
1;13930
1;13933
0;13934
0;13936
0;13937
0;13939
1;13942
0;13943
1;13947
0;13949
1;13950
1;13952
1;13954
1;13956
1;13958
0;13959
1;13960
0;13962
1;13964
0;13968
0;13969
0;13970
1;13973
1;13974
1;13977
0;13978
0;13980
0;13982
0;13984
1;13988
0;13989
0;13990
0;13991
0;13992
1;13993
1;13994
0;14066
0;14067
0;14069
0;14070
1;14071
0;14073
0;14074
1;14075
1;14076
1;14078
0;14082
1;14086
1;14088
1;14095
0;14096
1;14098
1;14103
0;14105
1;14108
0;14109
1;14111
1;14113
0;14114
0;14118
1;14119
0;14121
1;14123
1;14124
1;14125
1;14129
0;14131
1;14133
1;14138
1;14139
0;14140
1;14142
0;14143
1;14144
1;14145
1;14146
0;14153
0;14154
1;14162
1;14165
0;14168
0;14171
1;14182
0;14183
0;14185
1;14187
0;14191
0;14195
1;14198
0;14203
1;14210
1;14212
1;14222
1;14230
1;14236
1;14239
1;14241
0;14249
1;14250
1;14253
0;14254
0;14255
0;14256
1;14262
1;14276
0;14292
0;14295
0;14299
1;14303
0;14307
1;14308
0;14310
0;14320
1;14321
0;14322
1;14324
0;14325
1;14327
1;14330
0;14334
1;14335
0;14336
1;14340
1;14349
0;14350
0;14351
0;14352
0;14356
0;14357
0;14359
0;14362
0;14366
1;14367
1;14371
0;14372
0;14374
0;14375
0;14376
1;14377
0;14378
1;14388
0;14390
1;14394
1;14397
0;14398
1;14399
1;14400
0;14403
1;14404
1;14408
1;14410
1;14411
1;14412
1;14413
0;14415
1;14418
1;14419
1;14423
1;14425
0;14430
0;14433
1;14439
1;14443
0;14448
1;14449
1;14451
1;14453
1;14454
1;14457
0;14458
0;14463
1;14472
0;14474
1;14475
0;14477
1;14493
1;14496
1;14501
0;14502
0;14503
1;14507
1;14527
1;14530
1;14531
1;14587
0;14589
0;14591
0;14593
1;14600
1;14601
1;14602
1;14617
1;14623
0;14628
1;14638
0;14639
1;14640
1;14644
1;14658
1;14659
0;14663
0;14665
1;14666
0;14667
0;14678
1;14681
0;14683
0;14685
0;14688
1;14693
1;14699
0;14706
1;14711
1;14722
1;14725
0;14729
1;14730
1;14732
1;14733
1;14743
0;14745
1;14748
0;14749
1;14750
0;14751
0;14752
1;14753
1;14755
1;14767
0;14768
1;14769
1;14770
1;14775
0;14783
0;14784
0;14786
1;14788
1;14789
0;14791
0;14792
1;14793
0;14795
1;14805
1;14822
0;14823
0;14824
0;14825
0;14826
1;14827
1;14828
0;14829
0;14830
1;14831
1;14832
0;14833
0;14834
0;14835
1;14836
1;14837
0;14838
1;14845
1;14847
1;14849
1;14850
0;14868
1;14869
0;14870
1;14871
1;14873
1;14874
0;14888
0;14900
0;14906
1;14916
0;14917
1;14918
1;14919
0;14930
0;14931
0;14939
0;14941
1;14945
0;14946
0;14948
0;14950
1;14952
1;14953
0;14961
0;14962
1;14965
0;14966
1;14967
1;14968
1;14972
1;14981
1;14983
0;14992
0;14997
1;14998
0;14999
0;15006
1;15008
0;15014
0;15015
1;15016
1;15017
0;15021
1;15022
1;15023
0;15036
1;15042
1;15045
1;15051
0;15053
1;15054
1;15055
0;15062
0;15065
0;15079
1;15083
0;15088
1;15093
1;15137
0;15139
1;15144
1;15153
1;15157
1;15171
0;15185
1;15200
1;15203
0;15204
0;15206
1;15211
1;15221
0;15254
1;15260
0;15290
0;15293
1;15297
0;15305
0;15310
1;15313
0;15315
0;15317
0;15318
0;15319
0;15320
0;15321
0;15323
0;15330
1;15331
1;15335
1;15354
1;15357
0;15364
0;15371
1;15379
0;15383
1;15384
1;15391
0;15395
1;15409
1;15411
0;15414
1;15417
0;15418
1;15419
0;15420
1;15422
1;15430
0;15432
1;15441
1;15446
1;15449
0;15456
1;15459
0;15463
0;15470
0;15480
1;15482
1;15493
1;15495
0;15502
1;15504
0;15506
0;15512
1;15513
1;15517
1;15528
1;15539
0;15544
0;15545
0;15548
0;15549
1;15551
1;15552
1;15555
1;15565
1;15566
0;15614
0;15617
1;15621
1;15623
0;15627
1;15636
1;15663
1;15668
1;15669
0;15670
1;15673
0;15674
0;15677
0;15679
0;15681
0;15685
0;15687
1;15688
0;15695
0;15700
1;15702
0;15706
0;15722
1;15723
1;15726
0;15727
0;15728
0;15734
1;15736
1;15737
0;15747
1;15748
0;15749
0;15750
1;15753
0;15764
0;15769
0;15774
1;15781
0;15784
0;15786
1;15794
0;15798
0;15804
1;15849
1;15850
1;15858
0;15862
0;15863
0;15865
1;15866
1;15874
1;15890
1;15895
1;15900
1;15902
0;15905
0;15908
1;15909
1;15917
0;15922
0;15932
0;15933
0;15934
0;15935
0;15950
0;15951
0;15960
0;15963
1;15967
1;15968
0;15969
0;15977
1;15979
0;15982
0;15986
1;15991
1;15993
1;16000
1;16001
0;16003
1;16006
1;16014
0;16019
0;16020
1;16030
1;16031
1;16035
1;16041
1;16045
0;16046
0;16048
1;16053
1;16056
0;16060
1;16063
1;16064
0;16066
1;16067
1;16068
0;16070
1;16071
1;16072
0;16073
1;16081
0;16083
1;16084
0;16094
0;16100
1;16114
0;16117
1;16118
1;16119
1;16120
0;16123
1;16125
1;16131
1;16134
1;16136
0;16138
1;16140
1;16153
0;16155
1;16156
0;16159
1;16162
0;16168
0;16169
1;16170
1;16171
0;16172
0;16175
1;16177
1;16179
1;16180
0;16184
0;16190
0;16194
1;16197
0;16199
1;16202
1;16208
1;16209
1;16211
1;16221
1;16226
1;16231
1;16232
0;16233
1;16234
1;16235
1;16236
1;16241
1;16243
0;16244
1;16249
1;16259
1;16260
1;16266
0;16276
0;16283
1;16284
0;16288
1;16295
1;16300
0;16302
1;16308
0;16315
1;16317
1;16334
1;16335
1;16340
1;16341
1;16391
1;16392
0;16395
1;16397
1;16404
1;16405
0;16406
0;16409
1;16410
1;16411
0;16412
1;16413
1;16416
1;16417
0;16418
0;16419
0;16420
1;16421
1;16422
1;16423
1;16424
0;16425
1;16427
0;16431
1;16438
1;16439
0;16441
0;16444
0;16445
0;16446
1;16448
1;16451
1;16452
0;16454
1;16457
0;16458
0;16460
0;16461
1;16464
1;16465
0;16466
1;16467
1;16471
0;16473
0;16474
1;16475
1;16476
0;16491
1;16492
1;16493
1;16494
0;16495
1;16496
0;16497
0;16498
0;16499
0;16500
1;16501
0;16502
1;16504
0;16505
0;16506
0;16507
1;16508
1;16512
0;16513
1;16521
0;16523
1;16531
0;16532
1;16539
1;16540
1;16541
1;16542
1;16547
1;16553
1;16556
0;16561
0;16578
1;16585
1;16594
1;16595
1;16597
1;16598
1;16600
1;16601
0;16602
0;16603
1;16604
1;16605
1;16606
1;16607
0;16608
0;16616
1;16627
1;16632
1;16634
0;16637
0;16638
0;16639
1;16641
0;16642
1;16643
1;16646
1;16650
0;16651
1;16653
1;16655
0;16656
1;16665
0;16667
0;16670
1;16673
0;16674
0;16675
0;16676
0;16677
0;16678
0;16683
0;16693
0;16694
0;16702
1;16707
0;16708
1;16709
0;16713
0;16806
1;16808
0;16812
1;16814
0;16815
0;16823
1;16869
0;16885
0;16886
1;16889
0;16891
1;16896
0;16901
0;16905
1;16908
0;16912
0;16914
1;16920
0;16924
1;16928
1;16952
1;16956
1;16959
0;16960
0;16969
0;16971
0;16974
1;16976
0;16984
1;16988
0;16992
0;16996
0;16997
0;16998
1;17024
1;17032
1;17056
1;17066
1;17067
0;17068
1;17070
1;17071
1;17073
1;17076
1;17086
0;17087
0;17088
1;17089
0;17090
0;17095
0;17096
0;17097
1;17098
1;17100
0;17102
0;17103
0;17104
1;17106
1;17116
1;17117
0;17118
0;17119
1;17120
0;17121
1;17122
0;17123
0;17124
1;17125
1;17126
1;17127
0;17131
1;17132
1;17133
0;17134
1;17135
0;17136
1;17137
1;17138
1;17139
0;17140
1;17141
0;17142
0;17144
0;17145
1;17148
0;17149
0;17155
0;17163
1;17164
1;17166
1;17167
1;17168
1;17174
0;17175
0;17177
0;17185
0;17187
1;17188
1;17189
0;17190
0;17191
0;17192
1;17193
1;17194
1;17208
0;17209
1;17210
0;17211
0;17212
0;17213
1;17220
0;17222
1;17223
0;17225
1;17231
0;17235
1;17238
0;17242
1;17246
1;17247
1;17249
0;17262
1;17265
1;17271
0;17272
1;17273
1;17274
1;17283
1;17285
0;17288
0;17291
1;17294
1;17296
0;17298
1;17313
1;17315
0;17318
1;17319
1;17320
1;17321
0;17322
1;17324
1;17330
1;17331
1;17338
1;17339
0;17343
1;17344
1;17346
1;17347
1;17348
0;17351
0;17353
0;17356
1;17362
1;17366
0;17367
1;17368
0;17369
0;17371
1;17374
1;17375
1;17379
1;17383
0;17384
0;17385
0;17387
1;17392
1;17393
1;17394
1;17395
1;17396
0;17397
0;17398
1;17399
1;17400
0;17401
1;17402
1;17404
1;17405
1;17406
0;17414
0;17415
0;17421
0;17425
1;17432
1;17433
0;17434
1;17435
0;17440
1;17446
1;17448
0;17455
1;17458
1;17461
0;17463
1;17465
0;17467
0;17468
1;17469
1;17478
0;17499
0;17512
0;17515
0;17542
1;17549
1;17567
0;17568
0;17572
1;17591
0;17593
0;17595
1;17597
1;17600
1;17603
1;17604
1;17606
0;17609
0;17611
0;17615
0;17616
1;17621
0;17625
0;17646
1;17652
1;17657
1;17658
0;17668
1;17677
0;17704
0;17707
1;17717
0;17719
1;17721
1;17725
0;17726
1;17729
0;17734
0;17735
1;17738
0;17739
1;17743
1;17755
0;17758
1;17760
0;17768
1;17769
0;17773
0;17777
1;17778
0;17783
1;17784
0;17785
0;17790
1;17795
1;17796
0;17798
1;17805
0;17806
1;17807
1;17808
1;17809
1;17810
0;17811
0;17812
0;17820
0;17821
1;17822
1;17823
1;17831
1;17836
1;17838
0;17840
1;17841
0;17844
1;17845
0;17848
0;17852
0;17855
1;17858
1;17859
0;17860
0;17862
0;17863
1;17867
1;17868
1;17869
0;17879
0;17880
0;17881
0;17885
1;17887
1;17888
0;17889
1;17899
1;17905
1;17906
0;17907
0;17909
1;17912
0;17913
0;17920
0;17928
1;17930
1;17934
0;17937
1;17943
1;17944
0;17945
0;17964
1;17965
0;17971
0;17981
1;17986
0;17987
1;17989
1;17990
1;17993
1;17995
1;18000
1;18006
1;18007
0;18015
0;18019
1;18038
1;18046
1;18052
1;18053
1;18059
0;18066
1;18069
0;18074
0;18077
1;18081
0;18092
1;18094
1;18095
1;18096
0;18099
1;18105
0;18112
1;18113
1;18120
0;18122
1;18123
0;18124
0;18127
0;18128
1;18145
0;18146
0;18148
1;18150
0;18151
1;18152
1;18154
1;18156
0;18167
1;18175
0;18179
0;18182
1;18183
0;18186
1;18187
0;18190
1;18192
0;18216
0;18218
1;18238
0;18240
0;18245
0;18250
0;18251
0;18259
1;18268
1;18269
0;18270
1;18272
0;18276
1;18302
1;18303
1;18304
1;18305
1;18306
1;18307
0;18319
1;18323
0;18329
0;18330
0;18333
0;18341
1;18346
0;18348
0;18354
0;18359
0;18361
1;18368
0;18370
0;18371
0;18375
1;18384
1;18388
0;18390
0;18400
0;18401
0;18403
0;18411
1;18412
0;18416
1;18418
0;18427
0;18429
0;18431
1;18433
0;18439
1;18441
0;18442
1;18445
1;18451
0;18455
0;18456
1;18457
0;18458
1;18460
1;18469
1;18474
1;18476
1;18477
1;18479
0;18481
1;18492
1;18495
0;18496
1;18498
1;18499
0;18504
0;18512
1;18519
1;18521
0;18528
0;18531
1;18544
1;18545
0;18551
0;18552
1;18555
1;18556
1;18570
1;18578
0;18580
1;18581
1;18582
0;18583
0;18585
0;18586
0;18587
1;18588
0;18589
0;18590
0;18592
0;18593
0;18594
1;18595
1;18596
1;18597
0;18605
1;18607
1;18610
1;18611
1;18612
0;18613
0;18618
0;18619
1;18620
0;18621
0;18623
1;18631
0;18632
1;18633
0;18635
0;18636
0;18637
1;18640
1;18641
1;18646
1;18653
0;18655
0;18656
1;18660
0;18664
0;18666
1;18667
1;18669
0;18671
0;18672
1;18674
1;18675
0;18676
1;18678
1;18679
1;18681
1;18685
0;18693
1;18695
1;18698
0;18699
0;18701
1;18704
0;18715
0;18718
0;18719
0;18726
1;18728
1;18731
0;18733
0;18734
0;18735
1;18737
0;18739
0;18742
1;18745
0;18748
0;18750
0;18751
0;18755
0;18758
0;18759
1;18768
1;18770
0;18774
1;18786
1;18787
0;18790
0;18791
0;18792
0;18793
0;18800
1;18801
0;18802
1;18803
0;18804
0;18807
0;18812
0;18813
0;18814
0;18817
1;18822
1;18823
1;18824
0;18825
1;18827
1;18830
0;18846
1;18849
0;18852
1;18860
1;18862
1;18864
1;18883
1;18886
0;18889
1;18895
0;18902
1;18904
0;18909
1;18915
0;18916
1;18927
1;18928
1;18933
0;18934
0;18936
1;18937
0;18938
1;18939
0;18940
1;18946
0;18947
0;18954
1;18955
0;18959
1;18962
0;18963
1;18969
1;18970
0;18973
1;18974
1;18990
0;18991
1;18995
0;18998
1;19001
0;19003
0;19005
1;19013
0;19014
1;19016
0;19018
0;19019
1;19022
1;19029
1;19038
1;19043
0;19044
0;19049
0;19055
0;19060
1;19061
1;19065
0;19069
1;19070
0;19072
1;19075
0;19076
0;19079
0;19083
0;19097
1;19102
1;19103
1;19106
0;19109
1;19110
0;19114
1;19116
1;19117
0;19118
0;19121
0;19123
0;19127
1;19130
0;19132
0;19133
1;19134
0;19135
1;19142
1;19143
0;19145
0;19146
1;19155
0;19156
1;19157
0;19159
0;19163
1;19168
1;19179
1;19266
1;19270
1;19271
1;19272
0;19273
1;19274
1;19276
0;19277
0;19278
0;19279
1;19280
0;19282
1;19283
1;19284
0;19285
0;19286
1;19287
1;19288
1;19289
1;19290
0;19291
0;19292
0;19293
0;19294
1;19295
0;19296
0;19299
1;19300
0;19301
1;19302
1;19303
0;19304
0;19305
0;19308
0;19313
0;19314
0;19316
0;19317
0;19364
0;19371
0;19374
0;19399
0;19402
1;19403
0;19406
0;19411
0;19414
1;19416
0;19418
1;19421
1;19423
0;19426
1;19427
1;19433
1;19436
0;19439
0;19443
1;19446
0;19448
0;19453
1;19455
0;19464
1;19468
0;19469
1;19470
0;19471
1;19472
1;19473
0;19474
0;19475
1;19476
1;19477
1;19481
0;19482
0;19483
1;19484
1;19485
0;19490
1;19495
0;19496
1;19497
1;19498
1;19499
0;19500
0;19501
1;19517
1;19518
1;19525
0;19537
1;19549
0;19551
0;19552
0;19553
0;19557
0;19560
1;19561
1;19567
1;19606
1;19609
1;19610
1;19624
1;19627
1;19628
0;19637
1;19642
0;19669
0;19672
1;19677
1;19681
0;19688
1;19689
0;19692
0;19693
0;19694
0;19697
1;19699
1;19702
0;19705
0;19708
0;19717
0;19718
0;19720
0;19722
1;19724
1;19725
0;19726
1;19727
0;19736
0;19741
1;19749
1;19750
0;19752
0;19754
1;19755
0;19756
1;19758
0;19760
1;19772
1;19782
0;19787
0;19794
0;19796
0;19798
0;19801
0;19803
1;19804
0;19822
0;19823
0;19824
1;19825
1;19827
1;19828
1;19831
1;19837
0;19838
1;19839
0;19854
0;19856
1;19872
0;19875
1;19879
0;19880
1;19884
0;19888
0;19890
1;19891
1;19893
1;19947
1;19949
1;19950
1;19959
1;19961
0;19963
0;19966
1;19975
0;19977
0;19986
1;19998
0;20001
1;20003
0;20007
1;20009
0;20010
1;20012
1;20048
0;20049
1;20057
1;20067
1;20069
1;20070
1;20076
0;20084
0;20085
0;20087
1;20088
1;20090
1;20091
0;20096
1;20103
0;20104
1;20106
1;20111
0;20113
1;20126
1;20128
1;20131
1;20135
0;20139
0;20140
1;20143
1;20144
1;20145
0;20147
0;20149
0;20150
1;20151
1;20156
1;20157
1;20160
1;20163
0;20165
1;20167
1;20169
1;20170
0;20171
1;20173
1;20174
0;20175
1;20177
1;20184
1;20185
0;20186
1;20187
0;20202
0;20203
1;20209
1;20210
1;20213
1;20216
1;20218
1;20219
0;20220
0;20223
0;20224
1;20225
0;20226
0;20227
1;20231
0;20232
0;20233
1;20234
0;20236
1;20237
0;20247
0;20249
1;20253
0;20256
0;20268
0;20277
0;20281
0;20282
1;20288
0;20291
1;20311
0;20312
1;20314
0;20315
0;20328
0;20329
1;20337
1;20340
0;20353
0;20367
1;20370
0;20373
1;20375
1;20376
1;20377
1;20378
0;20379
1;20381
1;20382
1;20383
0;20384
0;20385
1;20387
0;20388
0;20392
1;20395
1;20397
1;20400
1;20401
0;20402
1;20405
1;20406
0;20407
0;20409
0;20424
1;20425
0;20427
0;20429
0;20432
0;20442
0;20444
1;20445
0;20446
1;20450
1;20454
0;20457
0;20485
1;20493
1;20497
1;20503
1;20559
0;20560
1;20561
0;20565
1;20572
0;20577
1;20579
1;20582
1;20583
1;20584
1;20585
0;20590
1;20597
0;20599
1;20608
0;20617
0;20621
0;20627
0;20644
1;20646
1;20648
0;20651
0;20652
0;20653
0;20670
1;20678
1;20679
1;20680
0;20682
1;20683
0;20689
1;20690
0;20693
0;20727
1;20728
1;20730
1;20732
0;20733
0;20735
0;20744
1;20749
1;20751
1;20753
0;20760
0;20772
0;20773
0;20774
1;20775
0;20776
0;20781
1;20818
0;20825
0;20826
1;20827
1;20829
1;20842
1;20848
0;20850
1;20857
1;20860
0;20861
1;20863
1;20865
0;20866
0;20868
1;20879
0;20882
0;20884
0;20889
0;20890
0;20891
0;20892
1;20893
1;20894
1;20895
0;20896
1;20897
1;20898
1;20899
0;20900
1;20901
1;20902
0;20903
0;20904
1;20905
1;20906
1;20907
0;20908
0;20909
0;20910
0;20911
0;20912
0;20913
0;20916
0;20918
1;20921
1;20924
1;20927
0;20929
1;20930
1;20947
0;20948
1;20951
1;20952
1;20956
0;20959
0;20963
0;20964
0;20969
1;20971
1;20972
1;21009
0;21017
0;21018
0;21019
0;21020
1;21022
1;21023
0;21030
1;21050
0;21073
0;21074
1;21083
0;21088
1;21095
1;21145
0;21146
0;21147
0;21150
0;21151
0;21152
0;21153
1;21154
0;21155
1;21156
1;21160
0;21162
0;21163
0;21164
0;21165
1;21166
0;21167
1;21168
1;21169
0;21170
1;21175
0;21178
1;21179
1;21183
1;21185
0;21188
0;21191
0;21198
1;21199
0;21200
1;21219
0;21220
1;21222
0;21225
0;21230
0;21233
1;21234
0;21236
1;21239
1;21244
0;21246
1;21249
1;21252
0;21253
1;21294
0;21299
1;21303
0;21304
1;21307
1;21309
0;21311
0;21324
1;21325
0;21326
1;21327
1;21328
0;21329
0;21331
0;21334
0;21335
1;21336
1;21338
0;21341
0;21342
1;21347
0;21348
1;21350
0;21353
1;21354
0;21356
0;21357
0;21358
0;21367
0;21375
0;21376
0;21385
0;21387
1;21390
1;21396
1;21400
1;21401
1;21406
0;21408
1;21417
1;21421
0;21422
0;21425
0;21426
1;21434
0;21435
0;21436
1;21438
1;21441
0;21445
0;21446
0;21447
0;21450
0;21451
0;21452
1;21453
0;21454
1;21467
0;21469
1;21482
1;21540
0;21542
0;21547
1;21553
0;21554
0;21556
0;21559
1;21562
0;21564
1;21566
0;21573
1;21578
1;21583
1;21585
0;21587
1;21604
1;21609
1;21611
1;21614
0;21617
0;21627
0;21629
1;21661
0;21689
1;21701
0;21715
0;21722
1;21728
0;21734
1;21736
1;21785
1;21796
0;21817
0;21851
1;21861
1;21910
1;21911
1;21918
0;21921
0;21951
1;21958
0;21967
1;21975
0;21983
0;21984
0;21986
1;21989
1;21990
1;21993
0;22018
0;22046
1;22047
1;22089
1;22099
0;22106
1;22128
0;22130
1;22132
1;22135
0;22136
1;22137
0;22138
0;22139
1;22140
1;22141
1;22142
0;22143
0;22144
0;22260
0;22269
1;22270
0;22272
1;22278
0;22282
1;22283
0;22285
1;22287
0;22289
0;22290
0;22338
0;22340
0;22371
0;22373
1;22375
0;22379
0;22386
1;22390
1;22395
1;22402
1;22423
0;22435
1;22438
1;22564
0;22565
1;22566
1;22574
1;22575
1;22639
0;22658
0;22659
0;22660
0;22670
0;22677
1;22684
0;22687
0;22694
1;22700
0;22744
1;22802
1;22879
1;22947
1;22948
1;22949
0;22950
0;22951
1;22954
0;22955
0;22967
1;22978
1;22998
0;22999
0;23003
0;23011
0;23025
0;23031
0;23032
1;23106
1;23113
0;23576
0;23689
1;25539
